FWC: 2, 5, 6, 7, 8, 11, 12, 15, 18
QAT: 3, 7, 8, 11, 13, 20
ECU: 11, 17
SEN: 2, 3, 4, 9, 16
NED: 4, 10, 14, 15, 19
ENG: 4, 5, 8, 11, 12
IRN: 2, 12, 17
USA: 1, 2, 3, 4, 5, 9, 13, 19
WAL: 12, 15, 17
ARG: 3, 5, 10, 18, 19, 20
KSA: 4, 16, 18, 20
MEX: 7, 12, 18
POL: 9, 15, 16
FRA: 3, 7, 11, 13, 15, 19, 20
AUS: 6, 10, 16
DEN: 1, 5, 6, 10
TUN: 4, 10, 17, 20
ESP: 3, 6, 11, 13, 16, 18
CRC: 2, 3, 8, 15
GER: 4, 6, 9, 10, 17, 18
JPN: 2, 3, 4, 11, 12
BEL: 2, 3, 4, 7, 11, 14, 15    
CAN: 1, 2, 5, 10
MAR: 5, 6, 8, 17
CRO: 1, 2, 7, 16
BRA: 1, 5, 6, 9, 11, 15, 17, 20
SRB: 5, 7, 16, 20
SUI: 5, 7, 11, 18
CMR: 1, 2, 6, 7, 15, 18
POR: 1, 3, 9, 13, 16
GHA: 5, 9, 15, 16
URU: 1, 6, 7, 18, 19
KOR: 10, 11, 12, 13