FWC: 1, 4, 5, 8, 11, 12, 15, 19, 20, 21, 25, 26, 27
QAT: 1, 3, 9, 12, 14, 15, 17, 19, 20
ECU: 1, 2, 8, 11, 13, 16, 17
SEN: 2, 4, 6, 8, 9, 16, 19
NED: 1, 3, 4, 10, 11, 12, 14, 15, 16
ENG: 2, 5, 7, 10, 11, 13, 16, 18, 20
IRN: 1, 5, 6, 9, 11, 12, 13, 15, 16, 17, 20
USA: 1, 2, 3, 4, 5, 6, 8, 9, 11, 14, 16, 17
WAL: 1, 4, 6, 9, 10, 11, 12, 16, 17, 20
ARG: 1, 3, 4, 5, 6, 7, 11, 12, 13, 16, 17, 18, 20
KSA: 4, 5, 7, 8, 12, 14, 16, 17, 18, 20
MEX: 1, 4, 6, 7, 8, 9, 11, 13, 15, 18, 19, 20
POL: 1, 2, 4, 5, 6, 9, 12, 13, 14, 15, 16, 19
FRA: 1, 2, 4, 6, 7, 8, 10, 13, 14, 15, 16, 17, 19, 20
AUS: 5, 6, 7, 13, 14, 16, 17, 18, 20
DEN: 1, 7, 16, 17
TUN: 1, 3, 4, 5, 7, 10, 11, 13, 14, 18, 19, 20
ESP: 2, 6, 8, 11, 12, 14, 15, 17, 18, 20
CRC: 3, 4, 5, 6, 7, 9, 11, 14, 16, 17, 18, 19, 20
GER: 1, 3, 4, 6, 7, 9, 10, 11, 12, 16, 17, 18, 19
JPN: 2, 3, 4, 5, 8, 10, 11, 12, 14, 19, 20
BEL: 4, 5, 6, 7, 10, 12, 13, 15, 20
CAN: 2, 3, 4, 5, 7, 9, 10, 12, 14, 17, 20
MAR: 2, 8, 10, 13, 17, 18, 20
CRO: 2, 3, 7, 11, 14, 15, 16, 17, 18, 19, 20
BRA: 2, 5, 6, 10, 12, 13, 15, 16, 17, 19, 20
SRB: 1, 5, 7, 10, 11, 13, 14, 16, 17, 18, 19, 20
SUI: 3, 4, 5, 6, 7, 8, 11, 13, 14, 15, 16, 20
CMR: 1, 2, 3, 4, 6, 7, 11, 12, 15, 16, 18, 19
POR: 1, 3, 5, 9, 11, 13, 14, 15, 16
GHA: 3, 4, 7, 9, 10, 12, 13, 14, 15, 17, 18, 20
URU: 7, 8, 9, 11, 12, 13, 15, 19
KOR: 4, 8, 10, 12, 15, 18, 19