FWC: 1, 3, 9, 15, 19, 23, 25, 29
QAT: 4, 10, 14, 17, 19
ECU: 9, 18, 19
SEN: 2, 11
NED: 4, 6
ENG: 5, 17, 18, 19, 20
IRN: 4, 5, 7, 18, 20
USA: 1, 2, 6, 9, 16, 18
WAL: 9, 18, 20
ARG: 1, 4, 8, 12, 15, 17, 20
KSA: 1, 2, 5, 7, 10, 12, 16
MEX: 9, 11, 13, 15, 16, 19, 20
POL: 1, 5, 11, 17
FRA: 4, 5, 9, 10, 13, 17, 18, 19, 20
AUS: 20
DEN: 4, 12
TUN: 4, 10, 14, 15, 20
ESP: 2, 4, 5, 10, 14, 15, 18, 19
CRC: 2, 6, 9, 10, 11, 12, 13, 18, 20
GER: 4, 16, 19
JPN: 5, 12, 15, 17
BEL: 4, 20
CAN: 2, 6, 7, 9, 10, 14, 15, 16, 18, 19
MAR: 3, 4, 7, 9, 11, 12, 14, 17, 19
CRO: 4, 6, 7, 10, 14, 15, 16, 17
BRA: 5, 13, 15, 18
SRB: 1, 3, 6, 11, 12, 13, 16
SUI: 3, 11, 14, 15, 17, 19, 20
CMR: 4, 12, 18
POR: 1, 3, 6, 7, 11, 16, 18, 20
GHA: 2, 4, 7, 9, 18, 19, 20
URU: 8, 14, 19, 20
KOR: 4, 6, 8, 9, 16, 20