FWC: 1, 4, 5, 8, 11, 21, 26, 27
QAT: 1, 3, 9, 12, 15, 20
ECU: 1, 2, 11, 17
SEN: 4, 8, 9, 16, 19
NED: 1, 3, 10, 11, 14, 15
ENG: 2, 5, 7, 11, 13, 20
IRN: 1, 6, 11, 12, 13, 15, 17
USA: 3, 4, 5, 8, 11, 14
WAL: 1, 4, 10, 11, 12, 16
ARG: 3, 5, 7, 11, 13, 18, 20
KSA: 4, 8, 14, 17, 18, 20
MEX: 1, 4, 6, 7, 8, 15
POL: 2, 4, 5, 6, 9, 12, 16, 19
FRA: 1, 6, 7, 14, 15, 16, 20
AUS: 6, 14, 16, 17, 18
DEN: 7, 17
TUN: 1, 3, 5, 7, 11, 13, 14, 19, 20
ESP: 6, 8, 12, 18, 20
CRC: 3, 4, 5, 7, 14, 16, 17, 19
GER: 1, 3, 6, 7, 9, 10, 12, 18
JPN: 2, 3, 4, 8, 10, 11, 14
BEL: 5, 6, 7, 12, 13, 15
CAN: 3, 4, 5, 12
MAR: 2, 8, 10, 13, 18
CRO: 2, 3, 11, 16, 18, 20
BRA: 2, 6, 10, 16, 17, 19
SRB: 5, 7, 10, 14, 17, 18, 19, 20
SUI: 4, 6, 7, 8, 13, 16
CMR: 1, 2, 4, 6, 7, 11, 19
POR: 5, 9, 13
GHA: 3, 4, 10, 12, 13, 14, 15
URU: 7, 9, 11, 12, 15
KOR: 10, 12, 15, 18, 19